gen     nevals  avg                                             std                                     min                                             max                                     
0       0       [1.70277138e-01 1.70277138e-01 2.10878106e+02]  [ 0.27276861  0.27276861 25.3148866 ]   [1.68492849e-03 1.68492849e-03 1.55308658e+02]  [  1.48469816   1.48469816 307.70562748]
1       200     [8.71670225e-02 8.71670225e-02 2.54898512e+02]  [2.10048101e-01 2.10048101e-01 6.91550431e+02]  [1.26814270e-09 1.26814270e-09 1.07610173e+02]  [1.48469816e+00 1.48469816e+00 1.00000000e+04]
2       200     [8.57788526e-02 8.57788526e-02 1.89969702e+02]  [ 0.21057969  0.21057969 31.94475431]           [6.20539355e-19 6.20539355e-19 8.11248917e+01]  [  1.48469816   1.48469816 307.70562748]      
3       200     [8.29076110e-02 8.29076110e-02 1.73288391e+02]  [ 0.21151914  0.21151914 35.11761377]           [3.26270844e-42 3.26270844e-42 2.29705627e+01]  [  1.48469816   1.48469816 281.64675298]      
4       200     [8.14138622e-02 8.14138622e-02 1.63259024e+02]  [ 0.21186138  0.21186138 39.71557377]           [9.09643793e-47 9.09643793e-47 2.29705627e+01]  [  1.48469816   1.48469816 281.64675298]      
5       200     [7.91223564e-02 7.91223564e-02 1.55499104e+02]  [ 0.21206366  0.21206366 42.51652523]           [9.09643793e-47 9.09643793e-47 2.04852814e+01]  [  1.48469816   1.48469816 281.64675298]      
6       200     [7.91144458e-02 7.91144458e-02 1.51707453e+02]  [ 0.21206662  0.21206662 45.24515975]           [4.27736111e-73 4.27736111e-73 2.04852814e+01]  [  1.48469816   1.48469816 281.64675298]      
7       200     [7.58245553e-02 7.58245553e-02 1.40896213e+02]  [ 0.21197574  0.21197574 48.0017783 ]           [4.27736111e-73 4.27736111e-73 2.04852814e+01]  [  1.48469816   1.48469816 281.64675298]      
8       200     [7.54516523e-02 7.54516523e-02 1.36483167e+02]  [ 0.21207602  0.21207602 50.4846888 ]           [3.64500017e-83 3.64500017e-83 2.04852814e+01]  [  1.48469816   1.48469816 281.64675298]      
9       200     [7.33611780e-02 7.33611780e-02 1.30051592e+02]  [ 0.21218259  0.21218259 52.93844102]           [1.24678598e-108 1.24678598e-108 2.04852814e+001]       [  1.48469816   1.48469816 281.64675298]      
10      200     [7.21531573e-02 7.21531573e-02 1.27132073e+02]  [ 0.21188167  0.21188167 55.13303785]           [4.81796142e-117 4.81796142e-117 1.80000000e+001]       [  1.48469816   1.48469816 281.64675298]  