gen     nevals  avg                                                                             std                                                             min                                                                                 max                                                               
0       0       [1.74265859e-01 1.74265859e-01 1.26590986e-01 1.76463807e-01
 2.11917812e+02]        [ 0.28340243  0.28340243  0.18985744  0.2790092  27.28739196]   [2.38754265e-03 2.38754265e-03 2.94084721e-03 2.03615160e-03
 1.54066017e+02]        [  1.88503276   1.88503276   0.84056543   1.50737814 287.94826817]
1       200     [8.90261531e-02 8.90261531e-02 6.51177319e-02 9.27839886e-02
 3.97003043e+02]        [2.17815460e-01 2.17815460e-01 1.47696102e-01 2.14638930e-01
 1.37254590e+03]        [8.92256350e-11 8.92256350e-11 1.33287555e-10 1.99963919e-10
 4.46984848e+01]        [1.88503276e+00 1.88503276e+00 8.40565431e-01 1.50737814e+00
 1.00000000e+04]
2       200     [8.80108768e-02 8.80108768e-02 6.41369186e-02 9.11688784e-02
 2.33171990e+02]        [2.18199359e-01 2.18199359e-01 1.48093746e-01 2.15244145e-01
 6.93630171e+02]        [3.90699863e-14 3.90699863e-14 1.17009145e-14 3.58506496e-14
 4.46984848e+01]        [1.88503276e+00 1.88503276e+00 8.40565431e-01 1.50737814e+00
 1.00000000e+04]
3       200     [8.78722032e-02 8.78722032e-02 6.39316449e-02 9.09199531e-02
 2.27000928e+02]        [2.18253278e-01 2.18253278e-01 1.48175894e-01 2.15345028e-01
 6.94375347e+02]        [3.78303540e-20 3.78303540e-20 2.07304084e-20 3.86960842e-20
 4.46984848e+01]        [1.88503276e+00 1.88503276e+00 8.40565431e-01 1.50737814e+00
 1.00000000e+04]
4       200     [8.66489901e-02 8.66489901e-02 6.30688019e-02 8.92699376e-02
 2.19396780e+02]        [2.18660154e-01 2.18660154e-01 1.48494722e-01 2.15882487e-01
 6.94923919e+02]        [5.60237362e-30 5.60237362e-30 7.94244933e-30 1.34062660e-29
 4.46984848e+01]        [1.88503276e+00 1.88503276e+00 8.40565431e-01 1.50737814e+00
 1.00000000e+04]
5       200     [8.64559756e-02 8.64559756e-02 6.28973778e-02 8.92093126e-02
 2.18438105e+02]        [2.18719445e-01 2.18719445e-01 1.48547556e-01 2.15905826e-01
 6.95033523e+02]        [5.60237362e-30 5.60237362e-30 7.94244933e-30 1.34062660e-29
 4.46984848e+01]        [1.88503276e+00 1.88503276e+00 8.40565431e-01 1.50737814e+00
 1.00000000e+04]
6       200     [8.64662613e-02 8.64662613e-02 6.29140359e-02 8.92207330e-02
 2.17406820e+02]        [2.18715430e-01 2.18715430e-01 1.48540690e-01 2.15901147e-01
 6.95163696e+02]        [9.75118026e-39 9.75118026e-39 1.37546384e-38 2.35631493e-38
 4.46984848e+01]        [1.88503276e+00 1.88503276e+00 8.40565431e-01 1.50737814e+00
 1.00000000e+04]
7       200     [8.64967632e-02 8.64967632e-02 6.29629482e-02 8.92470433e-02
 2.14827338e+02]        [2.18703519e-01 2.18703519e-01 1.48520528e-01 2.15890383e-01
 6.95493499e+02]        [2.63373581e-42 2.63373581e-42 3.71476120e-42 6.36520425e-42
 4.46984848e+01]        [1.88503276e+00 1.88503276e+00 8.40565431e-01 1.50737814e+00
 1.00000000e+04]
8       200     [8.65234964e-02 8.65234964e-02 6.30078145e-02 8.92689555e-02
 2.10688372e+02]        [2.18693093e-01 2.18693093e-01 1.48502060e-01 2.15881431e-01
 6.96035376e+02]        [1.25532677e-51 1.25532677e-51 1.77039816e-51 3.03446739e-51
 4.22132034e+01]        [1.88503276e+00 1.88503276e+00 8.40565431e-01 1.50737814e+00
 1.00000000e+04]
9       200     [8.66353977e-02 8.66353977e-02 6.31895863e-02 8.93954198e-02
 2.07971133e+02]        [2.18649431e-01 2.18649431e-01 1.48427249e-01 2.15830219e-01
 6.96662224e+02]        [7.33856288e-57 7.33856288e-57 1.03496310e-56 1.77393336e-56
 4.22132034e+01]        [1.88503276e+00 1.88503276e+00 8.40565431e-01 1.50737814e+00
 1.00000000e+04]
10      200     [8.66964720e-02 8.66964720e-02 6.33173899e-02 8.94812830e-02
 2.05399630e+02]        [2.18625572e-01 2.18625572e-01 1.48374451e-01 2.15795222e-01
 6.97136558e+02]        [4.18081427e-82 4.18081427e-82 6.99091537e-82 7.70514486e-82
 3.02132034e+01]        [1.88503276e+00 1.88503276e+00 8.40565431e-01 1.50737814e+00
 1.00000000e+04]