gen     nevals  avg                                             std                                     min                                             max                                     
0       0       [1.63130976e-01 1.63130976e-01 2.11876483e+02]  [ 0.49036864  0.49036864 29.44690102]   [3.71500861e-05 3.71500861e-05 1.58823376e+02]  [  3.49159766   3.49159766 272.94826817]
1       200     [8.19304737e-02 8.19304737e-02 3.95615688e+02]  [3.56124609e-01 3.56124609e-01 1.37262389e+03]  [2.18286352e-11 2.18286352e-11 9.18822510e+01]  [3.49159766e+00 3.49159766e+00 1.00000000e+04]
2       200     [8.19012725e-02 8.19012725e-02 1.78847467e+02]  [ 0.35613122  0.35613122 39.82826288]           [8.08713800e-15 8.08713800e-15 7.49116882e+01]  [  3.49159766   3.49159766 272.94826817]      
3       200     [8.19533184e-02 8.19533184e-02 1.65463323e+02]  [ 0.35611943  0.35611943 47.44572743]           [5.84966751e-24 5.84966751e-24 2.84558441e+01]  [  3.49159766   3.49159766 272.94826817]      
4       200     [8.19884728e-02 8.19884728e-02 1.55379728e+02]  [ 0.3561112   0.3561112  51.79248115]           [7.33519590e-29 7.33519590e-29 2.84558441e+01]  [  3.49159766   3.49159766 272.94826817]      
5       200     [8.22174604e-02 8.22174604e-02 1.52813113e+02]  [ 0.35605947  0.35605947 54.98235694]           [1.85033455e-27 1.85033455e-27 2.84558441e+01]  [  3.49159766   3.49159766 272.94826817]      
6       200     [8.25167043e-02 8.25167043e-02 1.49926793e+02]  [ 0.355992    0.355992   60.44854411]           [1.97741833e-30 1.97741833e-30 2.59705627e+01]  [  3.49159766   3.49159766 272.94826817]      
7       200     [8.25097969e-02 8.25097969e-02 1.36830847e+02]  [ 0.35599449  0.35599449 62.56893482]           [8.21055351e-45 8.21055351e-45 2.59705627e+01]  [  3.49159766   3.49159766 286.31580054]      
8       200     [8.26205967e-02 8.26205967e-02 1.27882105e+02]  [ 0.35597014  0.35597014 67.50458531]           [4.72513369e-50 4.72513369e-50 1.57279221e+01]  [  3.49159766   3.49159766 291.37467504]      
9       200     [8.28792714e-02 8.28792714e-02 1.24023800e+02]  [ 0.35591289  0.35591289 73.93826849]           [1.31884538e-57 1.31884538e-57 1.57279221e+01]  [  3.49159766   3.49159766 331.31580054]      
10      200     [8.30567352e-02 8.30567352e-02 1.18236342e+02]  [ 0.35587413  0.35587413 72.97854044]           [1.34061559e-59 1.34061559e-59 1.57279221e+01]  [  3.49159766   3.49159766 272.94826817] 