gen     nevals  avg                                                                             std                                                             min                                                                                 max                                                               
0       0       [1.59055085e-01 1.59055085e-01 1.18280616e-01 1.77694817e-01
 2.13963324e+02]        [ 0.45706172  0.45706172  0.38466553  0.51868163 29.73886218]   [5.84764570e-05 5.84764570e-05 9.29383263e-05 7.42465923e-05
 1.57066017e+02]        [  2.84839852   2.84839852   3.00140952   3.54235237 309.16147161]
1       200     [7.96508277e-02 7.96508277e-02 5.93092043e-02 8.90424946e-02
 3.08193182e+02]        [3.32803047e-01 3.32803047e-01 2.78319412e-01 3.77325919e-01
 9.74826374e+02]        [9.78768442e-12 9.78768442e-12 2.12831456e-11 1.18547229e-10
 1.07610173e+02]        [2.84839852e+00 2.84839852e+00 3.00140952e+00 3.54235237e+00
 1.00000000e+04]
2       200     [7.95992017e-02 7.95992017e-02 5.92463168e-02 8.89202988e-02
 1.89857499e+02]        [ 0.33281535  0.33281535  0.27833273  0.37735437 37.86130706]                   [3.37319156e-21 3.37319156e-21 1.21887034e-20 2.77439344e-21
 6.16690476e+01]        [  2.84839852   2.84839852   3.00140952   3.54235237 309.16147161]           
3       200     [7.95521718e-02 7.95521718e-02 5.91932636e-02 8.88124465e-02
 1.75189385e+02]        [ 0.33282647  0.33282647  0.27834389  0.37737921 45.51525462]                   [1.57268885e-21 1.57268885e-21 1.27743340e-21 1.80311430e-21
 5.91837662e+01]        [  2.84839852   2.84839852   3.00140952   3.54235237 309.16147161]           
4       200     [7.94908674e-02 7.94908674e-02 5.91307105e-02 8.87368350e-02
 1.69142405e+02]        [ 0.33284047  0.33284047  0.2783562   0.37739623 47.77128106]                   [2.97649242e-18 2.97649242e-18 3.20132908e-18 6.60928564e-17
 5.91837662e+01]        [  2.84839852   2.84839852   3.00140952   3.54235237 309.16147161]           
5       200     [7.94275832e-02 7.94275832e-02 5.90530739e-02 8.86178893e-02
 1.61045464e+02]        [ 0.33285518  0.33285518  0.27837186  0.37742295 52.03381094]                   [9.91981784e-22 9.91981784e-22 8.99500088e-22 7.62789290e-22
 5.56690476e+01]        [  2.84839852   2.84839852   3.00140952   3.54235237 309.16147161]           
6       200     [7.93998253e-02 7.93998253e-02 5.90427508e-02 8.85136647e-02
 1.53930103e+02]        [ 0.3328612   0.3328612   0.27837326  0.37744526 54.49514288]                   [7.37815944e-28 7.37815944e-28 1.32668365e-27 3.33240303e-27
 4.71837662e+01]        [  2.84839852   2.84839852   3.00140952   3.54235237 309.16147161]           
7       200     [7.95144836e-02 7.95144836e-02 5.92258920e-02 8.86098526e-02
 2.00164371e+02]        [3.32834197e-01 3.32834197e-01 2.78335460e-01 3.77422919e-01
 6.97202796e+02]        [3.12435384e-58 3.12435384e-58 2.11148520e-58 5.91054791e-58
 4.46984848e+01]        [2.84839852e+00 2.84839852e+00 3.00140952e+00 3.54235237e+00
 1.00000000e+04]
8       200     [7.95602345e-02 7.95602345e-02 5.93092409e-02 8.86387173e-02
 1.94865183e+02]        [3.32823438e-01 3.32823438e-01 2.78318299e-01 3.77416231e-01
 6.97832699e+02]        [3.28064464e-109 3.28064464e-109 1.88131988e-109 2.74770991e-109
 3.86984848e+001]       [2.84839852e+00 2.84839852e+00 3.00140952e+00 3.54235237e+00
 1.00000000e+04]
9       200     [7.96103559e-02 7.96103559e-02 5.93909746e-02 8.86790327e-02
 1.43196177e+02]        [ 0.33281175  0.33281175  0.27830177  0.37740695 65.58087063]                   [2.73883411e-51 2.73883411e-51 3.69658801e-51 4.90270177e-51
 2.29705627e+01]        [  2.84839852   2.84839852   3.00140952   3.54235237 342.80108191]           
10      200     [7.96514316e-02 7.96514316e-02 5.94546064e-02 8.87123899e-02
 1.38132801e+02]        [ 0.33280218  0.33280218  0.27828899  0.37739927 67.80073608]                   [2.62965372e-48 2.62965372e-48 4.05166477e-48 2.16940237e-48
 2.29705627e+01]        [  2.84839852   2.84839852   3.00140952   3.54235237 309.16147161] 