gen     nevals  avg                                                                             std                                                             min                                                                                 max                                                               
0       0       [1.64715117e-01 1.64715117e-01 1.21548498e-01 1.68666142e-01
 2.12017954e+02]        [ 0.4675466   0.4675466   0.36174581  0.52150734 29.34753181]   [3.90765348e-06 3.90765348e-06 5.50893151e-06 5.35436650e-06
 1.58308658e+02]        [  3.16971587   3.16971587   2.71546348   3.75640284 289.70562748]
1       200     [8.26713337e-02 8.26713337e-02 6.12686582e-02 8.48794263e-02
 9.67554891e+02]        [3.40634012e-01 3.40634012e-01 2.62801845e-01 3.78162007e-01
 2.57233994e+03]        [2.79030947e-08 2.79030947e-08 5.73130040e-08 6.71746115e-08
 1.02852814e+02]        [3.16971587e+00 3.16971587e+00 2.71546348e+00 3.75640284e+00
 1.00000000e+04]
2       200     [8.30356438e-02 8.30356438e-02 6.18613108e-02 8.51755810e-02
 1.01672945e+03]        [3.40546635e-01 3.40546635e-01 2.62667142e-01 3.78096192e-01
 2.64941520e+03]        [1.48579725e-06 1.48579725e-06 3.55657597e-06 4.38417921e-06
 1.02852814e+02]        [3.16971587e+00 3.16971587e+00 2.71546348e+00 3.75640284e+00
 1.00000000e+04]
3       200     [8.34639034e-02 8.34639034e-02 6.25620081e-02 8.55195888e-02
 1.35496185e+03]        [3.40443588e-01 3.40443588e-01 2.62506677e-01 3.78019606e-01
 3.11665216e+03]        [5.45548395e-05 5.45548395e-05 1.01441464e-04 5.86032760e-04
 1.02852814e+02]        [3.16971587e+00 3.16971587e+00 2.71546348e+00 3.75640284e+00
 1.00000000e+04]
4       200     [8.36457436e-02 8.36457436e-02 6.28518237e-02 8.56624967e-02
 1.20630343e+03]        [3.40400590e-01 3.40400590e-01 2.62442825e-01 3.77988292e-01
 2.93155696e+03]        [7.19684977e-05 7.19684977e-05 1.45928738e-04 9.35601634e-04
 1.00882251e+02]        [3.16971587e+00 3.16971587e+00 2.71546348e+00 3.75640284e+00
 1.00000000e+04]
5       200     [8.39525673e-02 8.39525673e-02 6.33476435e-02 8.59154719e-02
 1.35797368e+03]        [3.40327974e-01 3.40327974e-01 2.62333306e-01 3.77932757e-01
 3.11556647e+03]        [9.12716226e-05 9.12716226e-05 1.45928738e-04 9.35601634e-04
 1.00882251e+02]        [3.16971587e+00 3.16971587e+00 2.71546348e+00 3.75640284e+00
 1.00000000e+04]
6       200     [8.42058550e-02 8.42058550e-02 6.37780492e-02 8.61022421e-02
 1.90298097e+03]        [3.40267758e-01 3.40267758e-01 2.62237141e-01 3.77891657e-01
 3.66472596e+03]        [9.12716226e-05 9.12716226e-05 1.45928738e-04 1.34131614e-03
 1.58308658e+02]        [3.16971587e+00 3.16971587e+00 2.71546348e+00 3.75640284e+00
 1.00000000e+04]
7       200     [8.47370041e-02 8.47370041e-02 6.46438640e-02 8.65007261e-02
 2.92934437e+03]        [3.40141517e-01 3.40141517e-01 2.62043935e-01 3.77804078e-01
 4.35493490e+03]        [9.12716226e-05 9.12716226e-05 1.55981895e-04 1.78491963e-03
 1.40823376e+02]        [3.16971587e+00 3.16971587e+00 2.71546348e+00 3.75640284e+00
 1.00000000e+04]
8       200     [8.52664013e-02 8.52664013e-02 6.54871507e-02 8.69204659e-02
 3.50732495e+03]        [3.40015847e-01 3.40015847e-01 2.61856420e-01 3.77711935e-01
 4.60842875e+03]        [2.21546716e-04 2.21546716e-04 5.43168829e-04 2.11346947e-03
 1.38338095e+02]        [3.16971587e+00 3.16971587e+00 2.71546348e+00 3.75640284e+00
 1.00000000e+04]
9       200     [8.57744299e-02 8.57744299e-02 6.62972060e-02 8.73528095e-02
 3.51109281e+03]        [3.39896229e-01 3.39896229e-01 2.61679536e-01 3.77617518e-01
 4.60579843e+03]        [2.21546716e-04 2.21546716e-04 5.43168829e-04 2.11346947e-03
 9.46690476e+01]        [3.16971587e+00 3.16971587e+00 2.71546348e+00 3.75640284e+00
 1.00000000e+04]
10      200     [8.63062129e-02 8.63062129e-02 6.71307366e-02 8.77362389e-02
 4.49050496e+03]        [3.39770079e-01 3.39770079e-01 2.61494596e-01 3.77533598e-01
 4.83447661e+03]        [2.21546716e-04 2.21546716e-04 5.43168829e-04 2.11346947e-03
 1.38338095e+02]        [3.16971587e+00 3.16971587e+00 2.71546348e+00 3.75640284e+00
 1.00000000e+04]