gen     nevals  avg                                                                             std                                                             min                                                                                 max                                                               
0       0       [1.64689997e-01 1.64689997e-01 1.18364407e-01 1.74900178e-01
 2.08779506e+02]        [ 0.51126282  0.51126282  0.36530893  0.51086084 24.20436823]   [4.88613019e-05 4.88613019e-05 6.94870455e-05 8.65706151e-05
 1.61823376e+02]        [  2.98813878   2.98813878   2.29223609   3.13651934 280.91883092]
1       200     [8.26193552e-02 8.26193552e-02 5.95907341e-02 8.79914318e-02
 3.99585907e+02]        [3.70716647e-01 3.70716647e-01 2.64916311e-01 3.71544847e-01
 1.37191769e+03]        [2.22798111e-09 2.22798111e-09 2.98877944e-09 1.68710631e-09
 9.78822510e+01]        [2.98813878e+00 2.98813878e+00 2.29223609e+00 3.13651934e+00
 1.00000000e+04]
2       200     [8.25958954e-02 8.25958954e-02 5.95782943e-02 8.79468519e-02
 2.87784484e+02]        [3.70721884e-01 3.70721884e-01 2.64919244e-01 3.71555360e-01
 9.76774068e+02]        [3.75677385e-14 3.75677385e-14 2.79595864e-14 3.93335838e-14
 6.59116882e+01]        [2.98813878e+00 2.98813878e+00 2.29223609e+00 3.13651934e+00
 1.00000000e+04]
3       200     [8.25440597e-02 8.25440597e-02 5.95401549e-02 8.78130638e-02
 2.25002472e+02]        [3.70733303e-01 3.70733303e-01 2.64927851e-01 3.71585626e-01
 6.94072789e+02]        [2.79676053e-20 2.79676053e-20 6.48316169e-20 3.03899642e-19
 6.59116882e+01]        [2.98813878e+00 2.98813878e+00 2.29223609e+00 3.13651934e+00
 1.00000000e+04]
4       200     [8.26986044e-02 8.26986044e-02 5.97889727e-02 8.79415983e-02
 2.21692695e+02]        [3.70699307e-01 3.70699307e-01 2.64873403e-01 3.71555546e-01
 6.94529258e+02]        [4.06729206e-37 4.06729206e-37 7.61653950e-37 2.03359999e-36
 6.59116882e+01]        [2.98813878e+00 2.98813878e+00 2.29223609e+00 3.13651934e+00
 1.00000000e+04]
5       200     [8.28975293e-02 8.28975293e-02 6.01072334e-02 8.81097263e-02
 2.18213395e+02]        [3.70655750e-01 3.70655750e-01 2.64804484e-01 3.71516346e-01
 6.95290202e+02]        [4.06729206e-37 4.06729206e-37 7.61653950e-37 2.03359999e-36
 6.59116882e+01]        [2.98813878e+00 2.98813878e+00 2.29223609e+00 3.13651934e+00
 1.00000000e+04]
6       200     [8.29863237e-02 8.29863237e-02 6.02525170e-02 8.81853516e-02
 2.13506120e+02]        [3.70636363e-01 3.70636363e-01 2.64773194e-01 3.71498753e-01
 6.95776462e+02]        [1.36333662e-53 1.36333662e-53 2.55302720e-53 6.81652961e-53
 6.59116882e+01]        [2.98813878e+00 2.98813878e+00 2.29223609e+00 3.13651934e+00
 1.00000000e+04]
7       200     [8.31172397e-02 8.31172397e-02 6.04614281e-02 8.82965649e-02
 2.56124398e+02]        [3.70608138e-01 3.70608138e-01 2.64729523e-01 3.71473138e-01
 9.81041543e+02]        [1.36333662e-53 1.36333662e-53 2.55302720e-53 6.81652961e-53
 6.59116882e+01]        [2.98813878e+00 2.98813878e+00 2.29223609e+00 3.13651934e+00
 1.00000000e+04]
8       200     [8.33024747e-02 8.33024747e-02 6.07910413e-02 8.84346655e-02
 2.02567966e+02]        [3.70568212e-01 3.70568212e-01 2.64660372e-01 3.71441398e-01
 6.97420001e+02]        [3.07105840e-46 3.07105840e-46 2.20601857e-46 3.57544909e-46
 1.14852814e+01]        [2.98813878e+00 2.98813878e+00 2.29223609e+00 3.13651934e+00
 1.00000000e+04]
9       200     [8.35802682e-02 8.35802682e-02 6.12340006e-02 8.86701708e-02
 2.51840246e+02]        [3.70507552e-01 3.70507552e-01 2.64564988e-01 3.71386619e-01
 9.82073749e+02]        [1.68833213e-47 1.68833213e-47 1.21277148e-47 1.96562390e-47
 1.14852814e+01]        [2.98813878e+00 2.98813878e+00 2.29223609e+00 3.13651934e+00
 1.00000000e+04]
10      200     [8.36892141e-02 8.36892141e-02 6.14077161e-02 8.87628853e-02
 2.48044514e+02]        [3.70484021e-01 3.70484021e-01 2.64528504e-01 3.71365239e-01
 9.82673826e+02]        [1.04542993e-53 1.04542993e-53 2.66502587e-53 2.28116464e-52
 1.14852814e+01]        [2.98813878e+00 2.98813878e+00 2.29223609e+00 3.13651934e+00
 1.00000000e+04]