[(2.8483985174955486, 2.8483985174955486, 3.001409515834649, 3.5423523651005926, 242.00714267493652)]
[(2.122057659079372, 2.122057659079372, 1.8051170153152762, 2.642634945118913, 226.70562748477155)]
[(1.6651725739546661, 1.6651725739546661, 0.7038923351063543, 1.0835032854592106, 202.7939392393401)]
[(1.427536762265551, 1.427536762265551, 0.5730157435464894, 1.5893202589109072, 201.76450198781723)]
[(1.0838156278969926, 1.0838156278969926, 0.43081209115480357, 0.5671097196002968, 182.00714267493652)]
[(1.0274511931301202, 1.0274511931301202, 0.5443054191139756, 1.083213232611166, 197.52186130069796)]
[(0.5315141982538846, 0.5315141982538846, 0.2660898910747179, 0.6566893300423693, 178.0660171779822)]
[(0.34156196689123264, 0.34156196689123264, 0.2606802099109769, 0.20154717541643904, 164.30865786510148)]
[(0.11724563458066614, 0.11724563458066614, 0.0973605467148652, 0.33209822552342777, 173.3086578651015)]
[(0.007411703892448477, 0.007411703892448477, 0.0059466743349350076, 0.0018959677734222936, 159.55129855222077)]
[(0.004194731583937608, 0.004194731583937608, 0.0066885303020496915, 0.0035698098286946565, 151.0660171779822)]
[(0.0023004173187210946, 0.0023004173187210946, 0.003632047992804067, 0.003830608365153156, 157.06601717798222)]
[(0.0020973798691662033, 0.0020973798691662033, 0.0033442767008055956, 0.0017849241585763673, 142.5807358037436)]
[(0.0020973658142081, 0.0020973658142081, 0.003344265184744706, 0.0017849049336616473, 113.61017305526644)]
[(0.0020973657940351878, 0.0020973657940351878, 0.003344265153167221, 0.001784904915137332, 96.12489168102788)]
[(0.002097365791968804, 0.002097365791968804, 0.0033442651510248458, 0.0017849049143473282, 94.15432893255073)]
[(0.0005110102773890178, 0.0005110102773890178, 0.0007549297569664368, 0.005340687648184202, 161.8233764908629)]
[(2.6589608628014117e-06, 2.6589608628014117e-06, 1.9806323648771333e-06, 8.052398750404854e-07, 84.6396103067893)]
[(4.92136276552661e-07, 4.92136276552661e-07, 4.073351393205879e-07, 1.6023506237522076e-07, 79.66904755831214)]
[(7.202208181707097e-10, 7.202208181707097e-10, 5.888168417480013e-10, 2.1608528670874084e-09, 61.66904755831213)]
[(2.2077969938654293e-12, 2.2077969938654293e-12, 1.6982818567586387e-12, 2.1726402357852094e-12, 59.18376618407356)]
[(3.7983326864798625e-14, 3.7983326864798625e-14, 5.222540707641489e-14, 1.0781491552998732e-13, 55.66904755831213)]
[(3.344260499301031e-18, 3.344260499301031e-18, 1.3458142343520234e-17, 6.877035393297761e-18, 47.18376618407356)]
[(1.5971460342239018e-20, 1.5971460342239018e-20, 1.228551537407567e-20, 1.571796940880312e-20, 22.970562748477143)]
[(3.811178205017054e-21, 3.811178205017054e-21, 9.715514078153431e-21, 8.316124826028974e-20, 24.213203435596427)]
