[(3.532390919825008, 931.9552461964876, 213825916.7612673, 173024.18510975994, 210.46298679765226)]
[(3.012212555384059, 1665.4912859439037, 353866370.46719646, 248064.18840474627, 246.46298679765226)]
[(1.9348855405070042, 600.3224896763195, 219833979.85139254, 156186.39246461896, 236.00714267493655)]
[(0.6478483315514475, 378.5460458173032, 90327712.61818627, 66272.8938433342, 206.7350647362944)]
[(0.6358642054533413, 529.3540799537564, 162205641.5958386, 95024.66553866213, 205.27922061357867)]
[(0.43359854349934623, 631.3012383579038, 115851589.44501486, 68536.34183378924, 206.52186130069796)]
[(0.33141251869902294, 224.42279326507153, 56356357.28799846, 39680.71513542235, 202.7939392393401)]
[(0.2700900821049055, 423.2552531641194, 109501712.25872402, 55296.816959736534, 175.06601717798222)]
[(0.21470727235050663, 489.5497032614432, 83238268.28011768, 44413.25233304041, 183.76450198781723)]
[(0.01489083052537776, 31.28122988671419, 10497461.779913338, 4693.418206081684, 169.06601717798222)]
[(0.004194731583937608, 2.076871537396122, 46.80000000000574, 32.400000000000006, 152.09545442950505)]
[(0.0029130080444011164, 1.442271900969529, 32.5, 22.5, 136.5807358037436)]
[(0.0021600396922596713, 7.046790039096621, 2644502.479870009, 1080.9163647019707, 160.27922061357864)]
[(0.0021037958360869214, 4.978514668432068, 2839560.8251272463, 1110.634932857609, 126.33809511662432)]
[(0.0020973658345493306, 1.0384358473350639, 23.404650976630148, 16.2000036338435, 111.85281374238573)]
[(0.0020973657919851948, 1.0384357691452133, 23.40008516161765, 16.20000002685446, 110.61017305526647)]
[(0.002097365791969293, 1.0384357686997072, 23.400000662584333, 16.20000000026398, 98.09545442950503)]
[(0.0020973657919688073, 1.0384357686981538, 23.400000017684448, 16.200000000005577, 53.18376618407356)]
[(0.0004801348150735635, 0.8138445890251079, 296797.84128717345, 136.29177326590894, 113.61017305526644)]
[(0.00012949276396466265, 0.7490109107672326, 17122.909390575856, 23.986696738771343, 104.61017305526646)]
[(0.00012105179386817735, 3.383008274204117, 622902.3023246112, 197.33998059418067, 123.85281374238575)]
[(3.775521857009085e-07, 0.002211238546808944, 50.38718948362341, 0.07064096220668208, 102.3380951166243)]
[(3.639358205333078e-08, 0.0009708820659084802, 157.91365005811076, 0.05195094172363491, 73.15432893255071)]
[(3.079144854644969e-26, 8.3996509285902355e-22, 1.5997803650914768e-16, 5.044680735020947e-20, 50.698484809834994)]
