[(1.4846981559982615, 1.4846981559982615, 213.76450198781723)]
[(1.3529441354340188, 1.3529441354340188, 205.4924240491751)]
[(0.8329758456143005, 0.8329758456143005, 189.5512985522208)]
[(0.5685292113765845, 0.5685292113765845, 175.27922061357864)]
[(0.12773939618941904, 0.12773939618941904, 168.5512985522208)]
[(0.12535693237502618, 0.12535693237502618, 155.30865786510148)]
[(0.005297719175092005, 0.005297719175092005, 146.8233764908629)]
[(0.0035604435348129577, 0.0035604435348129577, 145.06601717798222)]
[(0.0020973657921568175, 0.0020973657921568175, 143.09545442950503)]
[(0.002097365792018112, 0.002097365792018112, 128.09545442950503)]
[(0.001837595609943326, 0.001837595609943326, 125.82337649086291)]
[(0.0002576391558934861, 0.0002576391558934861, 122.09545442950504)]
[(1.3530644630085947e-05, 1.3530644630085947e-05, 114.85281374238575)]
[(5.035862033979074e-06, 5.035862033979074e-06, 105.12489168102788)]
[(9.216510073132264e-07, 9.216510073132264e-07, 94.88225099390858)]
[(3.003798873142238e-07, 3.003798873142238e-07, 87.63961030678928)]
[(7.68845472619721e-11, 7.68845472619721e-11, 81.12489168102786)]
[(8.378456675092321e-15, 8.378456675092321e-15, 75.63961030678928)]
[(1.2158486690377405e-21, 1.2158486690377405e-21, 65.18376618407356)]
[(2.0409392581136435e-27, 2.0409392581136435e-27, 62.18376618407356)]
[(9.832930742086345e-33, 9.832930742086345e-33, 20.48528137423857)]
[(4.997718084512632e-112, 4.997718084512632e-112, 18.0)]
