[(1.88503275984853, 1.88503275984853, 0.41527436412395025, 1.5073781402481412, 287.9482681718908)]
[(1.4080282082905626, 1.4080282082905626, 0.5584417166353007, 0.6641456154071279, 250.19090885901016)]
[(0.9108974812261218, 0.9108974812261218, 0.5257279617785138, 0.841386972364372, 230.73506473629442)]
[(0.8304294190488586, 0.8304294190488586, 0.8405654305451594, 0.9402746210021016, 215.52186130069796)]
[(0.6982645793499427, 0.6982645793499427, 0.7770900234866698, 0.9453767677031699, 242.73506473629442)]
[(0.6142999562698752, 0.6142999562698752, 0.8126487103237467, 0.448535867032587, 172.06601717798222)]
[(0.5332990663924213, 0.5332990663924213, 0.33561308063296164, 1.164031279289498, 212.00714267493655)]
[(0.4195915937327416, 0.4195915937327416, 0.2096840274717259, 0.5714409111661364, 209.22034611053297)]
[(0.24370494300517992, 0.24370494300517992, 0.3970980916360662, 0.559053796299024, 192.5512985522208)]
[(0.14330976417815938, 0.14330976417815938, 0.1800868072003759, 0.5144665677433977, 189.5512985522208)]
[(0.025751757222685284, 0.025751757222685284, 0.006285052356311808, 0.006199006841017776, 170.3086578651015)]
[(0.01965750963290207, 0.01965750963290207, 0.014208418036112459, 0.014982294249263449, 169.27922061357864)]
[(0.006705589880069759, 0.006705589880069759, 0.008120853083993716, 0.003952796613776219, 154.06601717798222)]
[(0.0021531607283324914, 0.0021531607283324914, 0.0015872907370891559, 0.0021235809936044794, 132.33809511662434)]
[(0.002098407003887432, 0.002098407003887432, 0.0033461306589027046, 0.0017857628415332654, 142.58073580374364)]
[(0.0020974458762073995, 0.0020974458762073995, 0.003344438067366221, 0.0017857211009249328, 139.8822509939086)]
[(0.0020973657921134286, 0.0020973657921134286, 0.0033442651512835524, 0.0017849049144664677, 124.8822509939086)]
[(0.0020973657920043756, 0.0020973657920043756, 0.003344265151089129, 0.0017849049143766743, 73.97056274847714)]
[(2.6381762533760717e-07, 2.6381762533760717e-07, 5.936415039981253e-07, 3.4001865806822127e-06, 68.18376618407356)]
[(1.1280082647278458e-10, 1.1280082647278458e-10, 2.9481702016922997e-10, 8.900319386727716e-11, 48.72792206135785)]
[(8.922563503526235e-11, 8.922563503526235e-11, 1.332875551171363e-10, 1.9996391946828485e-10, 44.698484809834994)]
[(2.6583989799258635e-49, 2.6583989799258635e-49, 3.749175211586691e-49, 6.426035547285276e-49, 42.21320343559643)]
[(1.2553267723495635e-51, 1.2553267723495635e-51, 1.770398160189146e-51, 3.0344673876820497e-51, 42.21320343559642)]
[(4.180814273918942e-82, 4.180814273918942e-82, 6.990915371069996e-82, 7.705144861259194e-82, 30.213203435596427)]
