gen     nevals  avg                                                                             std                                                                             min                                                                                max                                                                          
0       0       [1.55923935e-01 1.07836760e+02 2.60339352e+07 1.61427286e+04
 2.14525894e+02]        [5.32712207e-01 2.35871143e+02 5.86780407e+07 4.02450495e+04
 3.02762261e+01]        [3.64456437e-05 7.89537252e-02 1.84566497e+04 1.37535718e+01
 1.60580736e+02]        [3.53239092e+00 1.66549129e+03 3.53866370e+08 2.48064188e+05
 3.39073160e+02]
1       200     [7.82565723e-02 5.45387217e+01 1.32230690e+07 8.15542690e+03
 3.57429721e+02]        [3.84608655e-01 1.75100100e+02 4.34278970e+07 2.95580465e+04
 1.19065340e+03]        [7.88919863e-14 2.11479119e-10 1.09566019e-04 5.26515958e-08
 7.31543289e+01]        [3.53239092e+00 1.66549129e+03 3.53866370e+08 2.48064188e+05
 1.00000000e+04]
2       200     [7.82514265e-02 5.44386440e+01 1.31930361e+07 8.14326324e+03
 2.43449916e+02]        [3.84609740e-01 1.75130709e+02 4.34368733e+07 2.95613614e+04
 6.93040415e+02]        [7.59011964e-25 1.35149571e-22 2.16467875e-17 6.17746813e-20
 7.31543289e+01]        [3.53239092e+00 1.66549129e+03 3.53866370e+08 2.48064188e+05
 1.00000000e+04]
3       200     [7.81533545e-02 5.41451207e+01 1.31168664e+07 8.10982075e+03
 1.81261691e+02]        [3.84629306e-01 1.75216344e+02 4.34587986e+07 2.95702262e+04
 4.63243948e+01]        [7.59011964e-25 1.35149571e-22 2.16467875e-17 6.17746813e-20
 7.31543289e+01]        [3.53239092e+00 1.66549129e+03 3.53866370e+08 2.48064188e+05
 3.39073160e+02]
4       200     [7.81930609e-02 5.40901378e+01 1.30754931e+07 8.09380317e+03
 1.75538056e+02]        [3.84621209e-01 1.75230754e+02 4.34692892e+07 2.95741459e+04
 4.80536106e+01]        [5.47908732e-18 7.29401320e-14 2.36220598e-09 2.94736010e-12
 7.31543289e+01]        [3.53239092e+00 1.66549129e+03 3.53866370e+08 2.48064188e+05
 3.39073160e+02]
5       200     [7.82221036e-02 5.40971515e+01 1.30746496e+07 8.09351854e+03
 1.72446441e+02]        [3.84615389e-01 1.75228607e+02 4.34695423e+07 2.95742234e+04
 5.07529525e+01]        [2.06384064e-24 3.02294862e-20 7.18622082e-15 2.57330411e-18
 7.06690476e+01]        [3.53239092e+00 1.66549129e+03 3.53866370e+08 2.48064188e+05
 3.39073160e+02]
6       200     [7.82772179e-02 5.40825755e+01 1.30542980e+07 8.08576934e+03
 1.68878466e+02]        [3.84604351e-01 1.75232766e+02 4.34753389e+07 2.95762668e+04
 5.27068705e+01]        [2.00467950e-33 2.93629412e-29 6.98022382e-24 2.49953892e-27
 5.31837662e+01]        [3.53239092e+00 1.66549129e+03 3.53866370e+08 2.48064188e+05
 3.39073160e+02]
7       200     [7.82479147e-02 5.37052442e+01 1.29183216e+07 8.02933345e+03
 1.59778475e+02]        [3.84609982e-01 1.75336875e+02 4.35102608e+07 2.95902015e+04
 5.33797336e+01]        [8.05348940e-40 1.17961068e-35 2.80419680e-30 1.00415105e-33
 5.31837662e+01]        [3.53239092e+00 1.66549129e+03 3.53866370e+08 2.48064188e+05
 3.39073160e+02]
8       200     [7.82688881e-02 5.37156276e+01 1.29183216e+07 8.02949533e+03
 1.57696124e+02]        [3.84605829e-01 1.75333756e+02 4.35102608e+07 2.95901577e+04
 5.53295768e+01]        [1.81348459e-41 2.65624712e-37 6.31448984e-32 2.26114714e-35
 5.31837662e+01]        [3.53239092e+00 1.66549129e+03 3.53866370e+08 2.48064188e+05
 3.39073160e+02]
9       200     [7.83504472e-02 5.37559910e+01 1.29183206e+07 8.03012416e+03
 1.57331860e+02]        [3.84589598e-01 1.75321587e+02 4.35102611e+07 2.95899873e+04
 5.66994353e+01]        [7.86070916e-59 2.89723757e-57 2.42637717e-50 2.36618476e-53
 5.06984848e+01]        [3.53239092e+00 1.66549129e+03 3.53866370e+08 2.48064188e+05
 3.39073160e+02]
10      200     [7.84489067e-02 5.38047395e+01 1.29183215e+07 8.03088459e+03
 1.58188551e+02]        [3.84569982e-01 1.75306878e+02 4.35102608e+07 2.95897813e+04
 5.61170351e+01]        [2.56717697e-47 1.77024447e-43 1.56977069e-38 1.02280292e-41
 5.06984848e+01]        [3.53239092e+00 1.66549129e+03 3.53866370e+08 2.48064188e+05
 3.39073160e+02]