[(3.4915976587745923, 3.4915976587745923, 205.27922061357867)]
[(1.9410732300567684, 1.9410732300567684, 174.33809511662434)]
[(1.3880779872609346, 1.3880779872609346, 167.82337649086293)]
[(0.04215770474273929, 0.04215770474273929, 158.82337649086293)]
[(0.008389463167875215, 0.008389463167875215, 75.42640687119285)]
[(0.006292097375906412, 0.006292097375906412, 58.66904755831213)]
[(0.002097365791968804, 0.002097365791968804, 30.213203435596427)]
[(1.024555526355224e-09, 1.024555526355224e-09, 28.45584412271571)]
[(3.0370667877362086e-18, 3.0370667877362086e-18, 25.970562748477143)]
[(4.725133694095384e-50, 4.725133694095384e-50, 15.727922061357857)]
